Castor-2
{
	propellants = SolidFuel
	type = SRB
	solidFuelMass = 3.724
	pressureFed = false

	minThrust = 147
	maxThrust = 293.865

	ispSL = 235
	ispVac = 260.7

	ignitions = 1
	ullage = false
	ratedBurnTime = 39
	gimbalRange = 0

	mass = 0.677
	cost = 765
	entryCost = 7650
	upgradeCost = 0

	thrustCurve
	{
		key = 1.00000 0.55944   3.26002   0.00000
		key = 0.99163 0.53147  -1.48695   3.43148
		key = 0.96634 0.56783  -1.39173  -1.39183
		key = 0.93938 0.60420  -1.30798  -1.30805
		key = 0.91074 0.64056  -1.23373  -1.23379
		key = 0.88043 0.67692  -1.16746  -1.16751
		key = 0.84845 0.71329  -1.06533  -1.10798
		key = 0.81482 0.74825  -1.01555  -1.01558
		key = 0.77959 0.78322  -0.97022  -0.97024
		key = 0.74275 0.81818  -0.92876  -0.92877
		key = 0.70430 0.85315  -0.71256  -0.89071
		key = 0.66440 0.88112  -0.68994  -0.68994
		key = 0.62321 0.90909  -0.56422  -0.66871
		key = 0.56647 0.94056  -0.54534  -0.54535
		key = 0.50780 0.97203  -0.26803  -0.52769
		key = 0.45525 0.98601  -0.26423  -0.26423
		key = 0.40194 1.00000   0.00000  -0.26054
		key = 0.27924 1.00000   0.19540   0.00000
		key = 0.17300 0.97902   0.46571   0.19959
		key = 0.14319 0.96503   0.00000   0.47246
		key = 0.04846 0.96503   0.94492   0.00000
		key = 0.01928 0.93706  25.19529   0.97312
		key = 0.01166 0.72028  32.88695  32.63196
		key = 0.00603 0.50350  47.75252  46.52646
		key = 0.00239 0.28671 100.61375  80.46536
		key = 0.00075 0.06993  64.84711 261.20974
		key = 0.00000 0.01000   0.00000 184.54606
	}
}
