Castor-1
{
	propellants = SolidFuel
	type = SRB
	solidFuelMass = 3.32166
	pressureFed = false

	minThrust = 162.3
	maxThrust = 324.6

	ispSL = 220
	ispVac = 247

	ignitions = 1
	ullage = false
	ratedBurnTime = 41
	gimbalRange = 0

	mass = 0.651
	cost = 697
	entryCost = 6970
	upgradeCost = 0

	thrustCurve
	{
		key = 1.00000 1.00000	3.04530	  0.00000
		key = 0.98041 0.93846	3.24502	  3.24479
		key = 0.96207 0.87692	1.95348	  3.47247
		key = 0.92803 0.80769	0.70693	  2.12062
		key = 0.89585 0.78462  -0.01964	  0.72771
		key = 0.63391 0.78974  -0.01951	 -0.01951
		key = 0.37025 0.79487  -0.01939	 -0.01939
		key = 0.10490 0.80000	4.75933	 -0.01926
		key = 0.08614 0.70513	5.40035	  5.39697
		key = 0.06975 0.61026	6.24129	  6.23522
		key = 0.05572 0.51538	7.39346	  7.38134
		key = 0.04406 0.42051	9.07067	  9.04263
		key = 0.03476 0.32564  11.74722	 11.66525
		key = 0.02783 0.23077	5.33132	 16.41311
		key = 0.01926 0.17949	6.87286	  6.82783
		key = 0.01283 0.12821	9.72732	  9.53333
		key = 0.00855 0.07692	4.53459	 15.71336
		key = 0.00380 0.05128	6.99782	  6.69392
		key = 0.00095 0.02564  12.41023	 12.99596
		key = 0.00000 0.01000	0.00000	 26.86142
	}
}
