UA1204
{
	propellants = SolidFuel
	type = SRB
	solidFuelMass = 149.668
	pressureFed = false

	minThrust = 2075.5
	maxThrust = 4151.3

	ispSL = 238
	ispVac = 266

	ignitions = 1
	ullage = false
	ratedBurnTime = 135
	gimbalRange = 5

	mass = 27.839
	cost = 11235
	entryCost = 112350
	upgradeCost = 0

	thrustCurve
	{
		key = 1.00000 1.00000	3.74587	  0.00000
		key = 0.97950 0.92000  -0.45237	  4.07101
		key = 0.94981 0.93333  -0.25725	 -0.44590
		key = 0.88444 0.95000  -0.25274	 -0.25274
		key = 0.81792 0.96667	0.18451	 -0.24838
		key = 0.74616 0.95333	0.00000	  0.18709
		key = 0.72579 0.95333	0.65483	  0.00000
		key = 0.69557 0.93333	0.66886	  0.66886
		key = 0.63705 0.89333	0.46587	  0.69880
		key = 0.58066 0.86667	0.45019	  0.48020
		key = 0.53193 0.84444	0.46204	  0.46204
		key = 0.48447 0.82222	0.47453	  0.47453
		key = 0.43827 0.80000	0.41070	  0.48771
		key = 0.38492 0.77778	0.42244	  0.42243
		key = 0.33306 0.75556	0.43486	  0.43486
		key = 0.28271 0.73333	0.51076	  0.44804
		key = 0.24409 0.71333	0.35006	  0.52508
		key = 0.18160 0.69111	0.36131	  0.36131
		key = 0.12108 0.66889	0.37332	  0.37331
		key = 0.06254 0.64667	5.88233	  0.38614
		key = 0.04840 0.55733	6.82691	  6.81961
		key = 0.03636 0.46800	8.13423	  8.11931
		key = 0.02641 0.37867  10.06544	 10.02963
		key = 0.01856 0.28933  13.22173	 13.11034
		key = 0.01282 0.20000	7.80920	 18.89608
		key = 0.00890 0.16667	9.37684	  9.35696
		key = 0.00570 0.13333  16.18469	 11.68894
		key = 0.00249 0.06667  13.87259	 30.05728
		key = 0.00062 0.03333  28.14741	 25.76339
		key = 0.00000 0.01000	0.00000	 68.48464
	}
}
